1   1   (1)
4   0   (-)
1   1   (1)
0   1   (a)
11   0   (=)
1   6   (235)
19   0   (;)
0   3   (i)
6   0   (<)
1   7   (8)
1   5   (5)
4   0   (-)
17   0   (()
1   8   (5)
18   0   ())
26   0   (if)
17   0   (()
0   2   (d)
10   0   (==)
1   2   (2)
18   0   ())
13   0   ({)
30   0   (hout)
12   0   (:)
0   6   (test)
19   0   (;)
14   0   (})
0   1   (a)
11   0   (=)
1   6   (235)
19   0   (;)
0   3   (i)
6   0   (<)
1   7   (8)
0   5   (sfdas)
0   1   (a)
11   0   (=)
1   4   (3)
19   0   (;)
13   0   ({)
14   0   (})
15   0   ([)
0   4   (lffd)
0   1   (a)
11   0   (=)
1   7   (8)
1   5   (5)
4   0   (-)
1   8   (5)
